96612||4||
229590||4||
397665||4||
735689||6||
10185051||7||
5887296||7||
54963536||8||
29736910||8||
1275350||8||
10265552||10||
7394510||10||
31642180||12||
42037305||12||
72454341||12||
78531983||12||
78474155||14||
91058262||15||
101786011||16||
127121268||16||
80113718||15||
126801150||17||
117526045||16||
97470451||15||
107881485||14||
86248015||13||
100317818||14||
117716370||16||
49941290||15||
76873825||14||
90750976||14||
104758682||16||
105373605||16||
79183793||15||
104713758||17||
94511455||16||
93585239||16||
83929260||15||
118514036||16||
108240739||16||
154188335||17||
154035710||17||
112028339||16||
109916540||15||
81058599||15||
96904941||15||
98357273||15||
61714099||14||
26469435||13||
10400935||13||
22617734||12||
52111581||12||
50794992||11||
90067425||13||
99042709||13||
129057680||14||
167895829||15||
130119749||14||
148807429||14||
143516761||14||
87533646||13||
67035532||12||
106939753||12||
82065755||12||
63327241||12||
65132206||13||
86521759||15||
80183598||16||
82750060||15||
75925297||15||
122661702||16||
145958980||17||
158394870||17||
164368227||17||
161862730||17||
123693424||17||
122679705||17||
73703742||17||
80243000||19||
78883201||19||
60962630||19||
35292755||18||
15861310||17||
43607690||17||
70604524||17||
51695240||19||
93572064||19||
80452854||19||
99986007||19||
80770739||18||
128043790||20||
123169201||20||
113023915||19||
57402688||19||
67369290||19||
76035634||20||
121509771||22||
120737224||23||
122352661||25||
124367670||24||
126241901||23||
39614||4||
20008||3||
22357296||5||
55776810||7||
22488294||7||
18433293||7||
31378157||8||
78836734||9||
67665043||10||
69305128||9||
95103685||10||
95494417||10||
114262688||10||
101976169||10||
81334376||9||
85741887||10||
35191513||9||
45459352||9||
54477182||11||
72818924||12||
64936549||11||
54115707||10||
57909598||10||
57857208||10||
54792014||9||
40765734||9||
40497739||9||
16838892||8||
6031817||7||
1022848||7||
5765878||6||
7271700||6||
748573||6||
5914826||6||
1116683||7||
7935575||8||
6471801||8||
33061202||8||
6659823||8||
6561979||7||
6489404||7||
7229330||6||
6528899||6||
24554134||6||
6550668||5||
6190494||5||
7556755||4||
222788||3||
6057785||3||
204483||3||
302187||2||
1321317||3||
18796||2||
93165||1||
667511||1||
18264||1||
2884887||1||
98235||3||
7063120||3||
7159360||3||
6933717||3||
6368186||3||
231364||3||
34957214||5||
35373294||7||
12873030||7||
1110912||6||
630231||5||
14827743||5||
6937214||5||
529502||5||
7506540||7||
7738545||6||
25818013||6||
19744801||6||
23345891||8||
7383791||7||
9064922||7||
7587272||6||
400340||5||
8116615||4||
6233093||3||
342171||4||
46648220||6||
6770471||5||
51212374||7||
52893967||6||
7161473||5||
318828||4||
67182219||5||
64197725||4||
235942||3||
19712359||5||
7894107||5||
7208060||5||
28224113||4||
6912607||5||
7006192||6||
7137609||6||
9551303||8||
120476||4||
114404||3||
29466432||5||
13556841||7||
29857536||7||
34609584||7||
43711114||8||
41516950||9||
55013480||10||
65708807||9||
91630054||10||
57538823||9||
59670818||9||
102611980||9||
51449539||11||
69862003||13||
70979728||14||
76603851||13||
66037132||13||
71997385||13||
47500725||12||
59549833||14||
65081651||14||
37358628||13||
59996329||13||
36102601||12||
18988704||11||
18409887||11||
6830583||10||
6454920||9||
43615213||9||
38000249||9||
55905872||10||
35475077||9||
68985298||11||
119695341||12||
43159611||11||
70975479||11||
60282666||11||
7530335||10||
18365605||9||
7542389||8||
6697234||8||
7302428||7||
6496547||7||
6201233||6||
6703876||5||
6932074||4||
6267257||4||
6207715||4||
3618392||3||
128691||2||
5907934||4||
250951||4||
348353||4||
6100365||4||
16061947||3||
6208607||3||
6556249||3||
214091||3||
5593095||3||
5698431||3||
5957757||5||
339506||4||
6237521||4||
179396||3||
85871||2||
3502405||2||
3663236||2||
302567||2||
6971338||4||
26720||3||
21931||2||
5371300||2||
5492205||2||
15039250||4||
16865133||4||
291456||3||
113212||2||
19536||1||
20809||2||
98755||1||
127539||4||
28824||3||
5439777||5||
29703867||7||
27440174||7||
20189754||7||
1290970||8||
1017297||7||
7685806||6||
7869821||6||
6421487||8||
27159519||8||
27917641||8||
32596019||8||
60490716||10||
23148399||12||
93086656||13||
86282851||13||
75287992||13||
48152749||12||
67230980||14||
57257035||14||
58035393||13||
41086833||12||
27261060||11||
52227315||11||
52284604||10||
37540959||9||
55204257||8||
35879805||8||
16442030||8||
19139535||8||
21549645||8||
8185172||10||
14576204||9||
42636150||11||
7121138||10||
6913549||9||
7060384||9||
6659975||8||
6635628||8||
7766558||7||
6189231||6||
5969280||5||
386554||4||
452748||4||
216205||3||
333144||2||
5460726||3||
134172||2||
10844908||4||
5622048||4||
333475||4||
42096358||4||
6191325||6||
6075197||5||
7715424||5||
344135||4||
501931||4||
27917288||6||
46367493||7||
93053773||8||
140306966||10||
106721651||9||
65003876||8||
9966772||8||
10503928||8||
46921312||10||
55832234||9||
34943000||8||
47521515||7||
68899237||7||
30422955||9||
1990270||9||
19280551||10||
51638763||12||
52964659||11||
58929299||10||
61287289||12||
78620358||12||
113668464||12||
59091072||11||
78683948||11||
64657606||11||
24908038||10||
25390545||11||
25632657||10||
26068974||9||
53402570||11||
52121268||11||
92541974||11||
86868250||10||
108208059||11||
115408846||12||
127955335||12||
110101178||11||
98449246||11||
99279654||13||
28361742||13||
12205480||12||
47249||4||
23784||3||
1323471||5||
15121795||7||
20174948||7||
943047||7||
64277794||8||
24883812||9||
25496463||10||
24846863||9||
74302046||10||
42463875||10||
72491300||10||
73068572||10||
76026408||12||
39342584||11||
39332166||10||
39803901||10||
39681551||9||
40002691||8||
28729503||7||
29451765||8||
29591819||8||
29796721||8||
29782966||7||
590687||6||
414117||5||
276358||4||
160290||3||
343634||3||
71995||2||
236142||2||
227246||2||
615234||4||
13315||3||
11161||2||
225943||2||
443260||3||
332553||3||
551654||4||
155321||3||
333786||3||
319789||3||
72015||2||
618820||4||
120465||3||
71664||2||
8015||1||
58109||4||
19827||3||
21889632||5||
23105129||7||
20024566||7||
37472270||7||
38033521||8||
41029187||9||
41735161||10||
41739207||9||
51412499||10||
52085772||10||
53985232||10||
80564153||10||
100862171||12||
49903852||14||
28778383||15||
105864015||14||
83950581||14||
84745510||14||
51561849||13||
53388333||15||
31060171||15||
30551025||14||
2511537||13||
2751648||13||
2241943||12||
2381905||12||
2420256||12||
1944906||11||
1632910||10||
1767913||10||
1773113||10||
2966560||11||
3267915||11||
4024804||12||
2998912||13||
4159476||13||
2861053||13||
2845633||13||
37560184||14||
37464555||14||
37691130||14||
37247477||13||
66391749||13||
69733341||13||
37446863||12||
2443170||12||
1876076||11||
1596363||10||
1742066||10||
1774516||10||
1746463||10||
1286502||9||
1448345||9||
1820973||10||
1256215||9||
1458404||9||
1434719||9||
34587452||11||
34456457||11||
1533825||10||
1718181||10||
1733379||10||
1257647||9||
54717385||9||
53188970||8||
792245||7||
577913||6||
398437||5||
615063||5||
604503||5||
633037||5||
1396318||7||
468188||6||
760605||6||
718807||6||
1445249||8||
704240||7||
954179||7||
539861||6||
384631||5||
1214466||7||
65052897||7||
66042492||9||
66639471||11||
65744976||11||
63951874||10||
64932331||9||
64673096||8||
65140712||8||
105483743||9||
106612658||8||
41163349||7||
41720513||9||
41944523||9||
42180004||9||
945582||8||
50888938||9||
50796415||10||
55312460||10||
55870756||12||
55709875||11||
56147154||11||
56111067||11||
56088945||10||
56018593||9||
935203||8||
1144736||8||
1939406||10||
1122413||9||
861285||8||
1030151||8||
49475138||10||
1111734||9||
1350992||9||
51551520||10||
52540805||12||
98570876||14||
99193082||15||
75456277||15||
75802268||15||
75820841||14||
76083906||13||
75893918||12||
76347730||11||
76685331||11||
1496045||10||
1257968||9||
74278732||10||
1249252||9||
970579||8||
746098||7||
942417||7||
26440700||9||
972754||8||
791113||7||
28530690||9||
1439608||9||
1415173||9||
1419871||9||
2217607||11||
1435681||10||
53173691||11||
1483871||10||
1918006||10||
2740206||10||
2480038||11||
1502677||10||
1236608||9||
1599188||9||
1131010||8||
1308783||8||
63115115||9||
62946070||9||
62982677||9||
63438942||9||
58801580||9||
59817765||11||
59215095||10||
1816795||10||
1330444||9||
1941961||10||
2758390||12||
2513711||12||
65433921||13||
165114067||15||
131620183||17||
316672643||18||
313922259||18||
251167229||17||
160279314||19||
191734424||18||
128916428||17||
61752552||19||
123451091||18||
131680519||17||
66240624||19||
131806222||19||
133327536||21||
133531235||21||
134170827||20||
135638686||22||
137379311||22||
137214860||21||
137754744||22||
143112296||21||
137917016||20||
137402644||19||
73019390||18||
74885209||20||
75075023||21||
6038960||20||
5437903||19||
6325548||20||
5424107||19||
4910705||18||
4376764||17||
3876045||16||
3404151||15||
3557428||15||
2951292||14||
2533549||13||
2711702||13||
3747805||15||
3531279||15||
3457411||15||
3540707||15||
3007658||14||
3115400||14||
36916519||14||
3157478||14||
40597849||14||
72406521||13||
72591069||12||
76661036||14||
34981361||16||
165022054||17||
82356574||16||
3422005||15||
2967562||14||
2542606||13||
3268677||14||
2536515||13||
2163565||12||
2847126||13||
2729177||13||
3805633||15||
90935081||17||
91816023||16||
90672701||16||
86300846||18||
167668334||17||
169894216||19||
170107306||19||
171388627||20||
171592340||20||
171446368||19||
172237599||19||
171696585||18||
171546333||17||
50029888||19||
166478243||18||
167436631||19||
167824006||19||
168298145||18||
41653868||18||
89892437||18||
89319525||17||
90791073||18||
90815528||18||
89594458||17||
90872376||18||
90043402||17||
90546583||17||
219901884||19||
221532850||21||
222905503||22||
224687743||24||
226593806||26||
228790505||26||
227299991||25||
227872844||24||
228576723||24||
322651170||25||
229104564||24||
225832570||23||
240149435||24||
231474667||24||
325999557||25||
325854064||24||
233133434||23||
234860062||24||
235556436||25||
235652466||24||
236037568||24||
236898361||23||
344027511||24||
341695577||26||
240304468||26||
150480225||26||
149694733||25||
155855191||24||
8120022||23||
8358167||23||
7448702||22||
9183053||24||
8996212||24||
10749669||26||
12335021||28||
13010817||29||
11985187||28||
11028592||27||
10297021||26||
14630846||28||
112933768||30||
111608163||29||
111346943||28||
110318475||27||
109768735||26||
108840966||25||
211853387||26||
204780460||25||
204670723||24||
110692146||25||
11615513||27||
10306569||26||
9557044||25||
8833468||24||
10721288||26||
12476847||28||
14150443||30||
12663476||29||
12806675||29||
12952418||29||
11867414||28||
114487961||30||
113745799||30||
112936703||29||
118539616||30||
114114231||29||
114106155||29||
213560677||30||
161980573||29||
222559154||30||
222229516||29||
221221276||28||
224197546||30||
226207182||31||
225065011||30||
224340472||29||
428374282||30||
433623072||30||
325136970||29||
325724912||29||
327557728||30||
328782533||30||
222258470||29||
221546727||29||
221847300||28||
221919234||28||
222340444||28||
224350373||28||
222276955||27||
222972940||27||
224338530||27||
334102868||29||
334430109||29||
333966029||28||
335413825||27||
333300682||26||
334308060||26||
334757395||25||
336571213||26||
342429955||27||
346789487||29||
343821383||30||
235154793||29||
237609806||30||
243574335||30||
242817297||29||
351780731||30||
350827194||29||
352218654||29||
351947374||29||
233219315||28||
232625582||28||
234061585||28||
232768911||27||
358734478||29||
362684862||29||
361502967||29||
363602572||29||
374855825||31||
368848054||33||
368567288||32||
368355862||31||
375323712||31||
369323095||31||
482988003||32||
482412904||31||
483851090||31||
485296200||30||
486122629||29||
189627747||30||
369924391||29||
369412633||28||
242494563||27||
242399785||26||
250801982||27||
251370609||27||
374550212||27||
373063066||29||
375244393||31||
376629449||32||
377842483||32||
496847433||32||
615338857||34||
619971489||36||
618387903||35||
618747718||34||
620627992||34||
620822447||35||
622930728||35||
629375718||35||
631205969||35||
640563279||34||
641586106||33||
652534578||34||
782123525||36||
776705490||35||
649445176||34||
519017829||33||
529171972||33||
514255813||33||
512169903||33||
520769152||33||
515364041||33||
516437692||34||
396930873||33||
395035802||34||
394846448||34||
397063993||34||
268959789||33||
276571126||34||
271981614||34||
271669108||33||
272513942||33||
270665476||32||
273520478||33||
272825325||32||
338866527||34||
339936841||34||
337295230||33||
341254703||34||
68581451||34||
469225947||35||
466075081||34||
475381294||36||
464229943||35||
468623738||34||
341173120||34||
341095293||33||
340880592||32||
341370791||31||
275157657||30||
275046430||29||
426886193||30||
295339979||29||
294784437||28||
426803508||28||
291371680||27||
291632627||26||
429650335||28||
426163438||27||
504570439||27||
506755805||28||
508091880||27||
507253238||27||
507159932||26||
509480583||27||
303955487||27||
512684167||29||
513272890||29||
513293118||28||
655423404||29||
867010041||31||
1002516339||33||
1005314543||33||
1001878926||33||
1004642014||32||
1142858793||34||
1294195576||35||
429410134||36||
1288692641||36||
1243860176||35||
353855923||35||
1227347493||34||
1084665245||33||
435040148||32||
1014438908||31||
218530464||32||
1019396571||33||
1025363646||35||
1181929401||37||
1028649755||36||
891460272||35||
884896227||34||
909977732||36||
754943539||35||
747816049||34||
901871197||35||
890223172||34||
1042173465||35||
1032008783||34||
602215679||35||
151850776||37||
901185842||37||
901805854||37||
752122952||36||
757938504||35||
746320676||35||
1075960818||36||
740324177||35||
1183153345||37||
537783095||36||
1056599126||36||
1055391341||36||
1057147354||36||
910921902||35||
765559077||34||
763598203||33||
767219739||35||
926950317||37||
922990926||37||
920506497||37||
995986090||37||
1004167475||38||
852552742||37||
159363118||39||
853170951||39||
852757196||39||
855220825||40||
859793334||40||
871411312||40||
959493036||41||
952382798||40||
952039524||39||
949324737||41||
472740124||43||
1423197773||45||
1429971001||45||
1438712586||47||
1518837657||48||
1753132020||49||
1816951786||50||
1847271358||50||
1817898501||51||
1684446251||51||
1678639048||50||
1560832614||50||
1707336748||52||
1784889568||52||
